0	7.41114
0.01	7.41099
0.02	7.41083
0.03	7.41068
0.04	7.41052
0.05	7.41034
0.06	7.02654
0.07	6.54375
0.08	6.06752
0.09	5.62946
0.1	5.23636
0.11	4.79446
0.12	4.42089
0.13	4.101
0.14	3.82405
0.15	3.58191
0.16	3.26553
0.17	2.99656
0.18	2.76549
0.19	2.56515
0.2	2.38997
0.21	2.17753
0.22	1.99294
0.23	1.83151
0.24	1.68948
0.25	1.56383
0.26	1.42148
0.27	1.29553
0.28	1.18363
0.29	1.08382
0.3	0.994453
0.31	0.902297
0.32	0.819545
0.33	0.745022
0.34	0.677726
0.35	0.616806
0.36	0.565952
0.37	0.519624
0.38	0.477331
0.39	0.438642
0.4	0.403188
0.41	0.37807
0.42	0.35486
0.43	0.333375
0.44	0.313455
0.45	0.294961
0.46	0.280878
0.47	0.267713
0.48	0.255389
0.49	0.243836
0.5	0.232995
0.51	0.224625
0.52	0.216718
0.53	0.20924
0.54	0.20216
0.55	0.195451
0.56	0.190352
0.57	0.185484
0.58	0.180833
0.59	0.176385
0.6	0.172128
0.61	0.168093
0.62	0.164224
0.63	0.160512
0.64	0.156946
0.65	0.15352
0.66	0.150225
0.67	0.147054
0.68	0.144001
0.69	0.141059
0.7	0.138223
0.71	0.135874
0.72	0.133598
0.73	0.131392
0.74	0.129252
0.75	0.127177
0.76	0.125265
0.77	0.123405
0.78	0.121597
0.79	0.119837
0.8	0.118124
0.81	0.116295
0.82	0.114517
0.83	0.112788
0.84	0.111106
0.85	0.109469
0.86	0.108018
0.87	0.106603
0.88	0.105221
0.89	0.103871
0.9	0.102553
0.91	0.101536
0.92	0.100536
0.93	0.0995526
0.94	0.0985854
0.95	0.0976342
0.96	0.0967259
0.97	0.0958315
0.98	0.0949508
0.99	0.0940834
1	0.0932289
1.01	0.092278
1.02	0.0913441
1.03	0.0904267
1.04	0.0895253
1.05	0.0886394
1.06	0.0877079
1.07	0.0867935
1.08	0.0858959
1.09	0.0850145
1.1	0.0841487
1.11	0.0832468
1.12	0.0823617
1.13	0.081493
1.14	0.0806403
1.15	0.0798028
1.16	0.0788823
1.17	0.07798
1.18	0.0770953
1.19	0.0762277
1.2	0.0753765
1.21	0.0744245
1.22	0.0734921
1.23	0.072579
1.24	0.0716845
1.25	0.0708076
1.26	0.0697981
1.27	0.0688107
1.28	0.0678446
1.29	0.0668993
1.3	0.0659738
1.31	0.0649012
1.32	0.063853
1.33	0.0628284
1.34	0.0618268
1.35	0.0608472
1.36	0.0597879
1.37	0.0587527
1.38	0.057741
1.39	0.0567521
1.4	0.0557855
1.41	0.054873
1.42	0.0539804
1.43	0.0531072
1.44	0.0522527
1.45	0.0514169
1.46	0.0507449
1.47	0.0500858
1.48	0.0494393
1.49	0.0488051
1.5	0.0481835
1.51	0.0477843
1.52	0.0473903
1.53	0.0470016
1.54	0.0466179
1.55	0.0462398
1.56	0.0460296
1.57	0.0458196
1.58	0.0456099
1.59	0.0454005
1.6	0.0451919
1.61	0.0450984
1.62	0.0450022
1.63	0.0449034
1.64	0.044802
1.65	0.0446988
1.66	0.0447243
1.67	0.0447442
1.68	0.0447585
1.69	0.0447676
1.7	0.044772
1.71	0.0449263
1.72	0.0450717
1.73	0.0452085
1.74	0.0453371
1.75	0.0454579
1.76	0.0456661
1.77	0.0458644
1.78	0.0460529
1.79	0.046232
1.8	0.0464021
1.81	0.0466114
1.82	0.0468108
1.83	0.0470006
1.84	0.0471811
1.85	0.0473528
1.86	0.0475605
1.87	0.0477587
1.88	0.0479474
1.89	0.048127
1.9	0.048298
1.91	0.0485287
1.92	0.0487494
1.93	0.0489603
1.94	0.0491616
1.95	0.049354
1.96	0.0495941
1.97	0.0498242
1.98	0.0500444
1.99	0.0502549
2	0.0504563
2.01	0.0506856
2.02	0.0509051
2.03	0.0511151
2.04	0.0513158
2.05	0.0515076
2.06	0.0517058
2.07	0.051895
2.08	0.0520755
2.09	0.0522476
2.1	0.0524114
2.11	0.0525706
2.12	0.0527218
2.13	0.0528653
2.14	0.0530012
2.15	0.0531299
2.16	0.0532623
2.17	0.0533874
2.18	0.0535055
2.19	0.0536166
2.2	0.0537211
2.21	0.0538279
2.22	0.0539281
2.23	0.0540219
2.24	0.0541094
2.25	0.0541905
2.26	0.0542238
2.27	0.054252
2.28	0.0542754
2.29	0.0542941
2.3	0.0543077
2.31	0.0542035
2.32	0.0540974
2.33	0.0539892
2.34	0.0538792
2.35	0.0537669
2.36	0.0535632
2.37	0.0533597
2.38	0.0531563
2.39	0.052953
2.4	0.0527497
2.41	0.0525158
2.42	0.0522828
2.43	0.0520505
2.44	0.0518191
2.45	0.0515884
2.46	0.0513429
2.47	0.0510985
2.48	0.0508552
2.49	0.0506131
2.5	0.0503718
2.51	0.0500579
2.52	0.0497465
2.53	0.0494377
2.54	0.0491315
2.55	0.0488271
2.56	0.048404
2.57	0.0479856
2.58	0.047572
2.59	0.047163
2.6	0.046758
2.61	0.046236
2.62	0.0457208
2.63	0.0452122
2.64	0.0447102
2.65	0.0442144
2.66	0.0436652
2.67	0.0431235
2.68	0.042589
2.69	0.0420617
2.7	0.0415417
2.71	0.0410616
2.72	0.0405878
2.73	0.04012
2.74	0.0396583
2.75	0.0392027
2.76	0.0387841
2.77	0.0383707
2.78	0.0379624
2.79	0.0375591
2.8	0.0371605
2.81	0.0367263
2.82	0.0362976
2.83	0.0358743
2.84	0.0354565
2.85	0.0350436
2.86	0.0345666
2.87	0.0340961
2.88	0.0336319
2.89	0.0331739
2.9	0.0327221
2.91	0.032288
2.92	0.0318596
2.93	0.0314368
2.94	0.0310196
2.95	0.030608
2.96	0.0302357
2.97	0.029868
2.98	0.0295051
2.99	0.0291467
3	0.0287927
3.01	0.028425
3.02	0.0280621
3.03	0.0277038
3.04	0.02735
3.05	0.0270005
3.06	0.0266112
3.07	0.0262271
3.08	0.025848
3.09	0.0254739
3.1	0.0251048
3.11	0.0247496
3.12	0.024399
3.13	0.024053
3.14	0.0237115
3.15	0.0233745
3.16	0.023066
3.17	0.0227613
3.18	0.0224605
3.19	0.0221634
3.2	0.0218702
3.21	0.0215767
3.22	0.021287
3.23	0.0210009
3.24	0.0207185
3.25	0.0204394
3.26	0.0201461
3.27	0.0198565
3.28	0.0195706
3.29	0.0192884
3.3	0.0190099
3.31	0.0187378
3.32	0.0184692
3.33	0.018204
3.34	0.0179422
3.35	0.0176838
3.36	0.0174466
3.37	0.0172124
3.38	0.016981
3.39	0.0167525
3.4	0.0165269
3.41	0.0163178
3.42	0.0161112
3.43	0.0159072
3.44	0.0157055
3.45	0.0155062
3.46	0.0152967
3.47	0.0150898
3.48	0.0148854
3.49	0.0146835
3.5	0.0144839
3.51	0.0142617
3.52	0.0140423
3.53	0.0138256
3.54	0.0136118
3.55	0.0134005
3.56	0.0131871
3.57	0.0129764
3.58	0.0127684
3.59	0.012563
3.6	0.0123603
3.61	0.0121853
3.62	0.0120124
3.63	0.0118416
3.64	0.0116729
3.65	0.0115064
3.66	0.0113565
3.67	0.0112083
3.68	0.0110619
3.69	0.0109172
3.7	0.0107741
3.71	0.0106226
3.72	0.0104729
3.73	0.010325
3.74	0.0101789
3.75	0.0100345
3.76	0.00987966
3.77	0.00972678
3.78	0.00957578
3.79	0.00942663
3.8	0.00927933
3.81	0.00913427
3.82	0.00899099
3.83	0.00884947
3.84	0.0087097
3.85	0.00857169
3.86	0.00844137
3.87	0.00831263
3.88	0.00818546
3.89	0.00805983
3.9	0.00793576
3.91	0.00781746
3.92	0.00770059
3.93	0.00758512
3.94	0.00747104
3.95	0.00735833
3.96	0.00724711
3.97	0.00713723
3.98	0.00702866
3.99	0.0069214
4	0.0068154
4.01	0.00670692
4.02	0.00659975
4.03	0.00649388
4.04	0.00638929
4.05	0.00628599
4.06	0.00618577
4.07	0.00608677
4.08	0.00598896
4.09	0.00589233
4.1	0.00579692
4.11	0.00570904
4.12	0.0056222
4.13	0.00553638
4.14	0.00545159
4.15	0.00536782
4.16	0.00528724
4.17	0.00520761
4.18	0.00512892
4.19	0.00505115
4.2	0.00497429
4.21	0.004896
4.22	0.00481865
4.23	0.00474221
4.24	0.00466668
4.25	0.00459207
4.26	0.00452008
4.27	0.00444894
4.28	0.00437865
4.29	0.00430918
4.3	0.00424055
4.31	0.00417483
4.32	0.00410988
4.33	0.0040457
4.34	0.00398226
4.35	0.00391954
4.36	0.00385327
4.37	0.0037878
4.38	0.00372312
4.39	0.0036592
4.4	0.00359598
4.41	0.00352597
4.42	0.00345682
4.43	0.00338852
4.44	0.00332105
4.45	0.00325438
4.46	0.00318497
4.47	0.00311642
4.48	0.00304872
4.49	0.00298186
4.5	0.00291583
4.51	0.00285025
4.52	0.00278548
4.53	0.00272152
4.54	0.00265836
4.55	0.002596
4.56	0.00253485
4.57	0.00247447
4.58	0.00241485
4.59	0.00235598
4.6	0.00229784
4.61	0.00223917
4.62	0.00218124
4.63	0.00212405
4.64	0.00206758
4.65	0.00201181
4.66	0.00195556
4.67	0.00190003
4.68	0.00184521
4.69	0.00179108
4.7	0.00173768
4.71	0.0016875
4.72	0.00163796
4.73	0.00158906
4.74	0.00154078
4.75	0.00149316
4.76	0.0014512
4.77	0.00140976
4.78	0.00136885
4.79	0.00132847
4.8	0.00128861
4.81	0.00125113
4.82	0.00121414
4.83	0.00117761
4.84	0.00114154
4.85	0.00110596
4.86	0.00107338
4.87	0.00104121
4.88	0.00100945
4.89	0.000978095
4.9	0.000947196
4.91	0.000922802
4.92	0.000898711
4.93	0.000874919
4.94	0.000851423
4.95	0.000828265
4.96	0.000810046
4.97	0.000792046
4.98	0.000774263
4.99	0.000756696
5	0.000739338
5.01	0.000721931
5.02	0.000704736
5.03	0.00068775
5.04	0.000670971
5.05	0.00065441
5.06	0.000639364
5.07	0.000624499
5.08	0.000609815
5.09	0.000595308
5.1	0.000581008
5.11	0.000569946
5.12	0.000559013
5.13	0.000548207
5.14	0.000537528
5.15	0.00052698
5.16	0.00051725
5.17	0.000507633
5.18	0.000498127
5.19	0.000488731
5.2	0.000479446
5.21	0.000470468
5.22	0.000461594
5.23	0.000452823
5.24	0.000444152
5.25	0.0004356
5.26	0.000428845
5.27	0.000422164
5.28	0.000415556
5.29	0.000409022
5.3	0.000402564
5.31	0.000396609
5.32	0.00039072
5.33	0.000384894
5.34	0.000379131
5.35	0.000373424
5.36	0.000367117
5.37	0.00036088
5.38	0.000354713
5.39	0.000348615
5.4	0.000342598
5.41	0.000337825
5.42	0.000333102
5.43	0.000328429
5.44	0.000323806
5.45	0.000319243
5.46	0.000315717
5.47	0.000312227
5.48	0.00030877
5.49	0.000305347
5.5	0.00030195
5.51	0.000297828
5.52	0.000293749
5.53	0.000289714
5.54	0.00028572
5.55	0.000281771
5.56	0.000278067
5.57	0.000274401
5.58	0.000270773
5.59	0.000267183
5.6	0.000263641
5.61	0.000261123
5.62	0.000258628
5.63	0.000256155
5.64	0.000253705
5.65	0.000251274
5.66	0.000248545
5.67	0.000245842
5.68	0.000243165
5.69	0.000240514
5.7	0.000237884
5.71	0.000234839
5.72	0.000231825
5.73	0.000228842
5.74	0.00022589
5.75	0.000222976
5.76	0.000220788
5.77	0.000218621
5.78	0.000216474
5.79	0.000214346
5.8	0.000212238
5.81	0.000210148
5.82	0.000208078
5.83	0.000206026
5.84	0.000203993
5.85	0.000201974
5.86	0.000199517
5.87	0.000197084
5.88	0.000194675
5.89	0.00019229
