        e        rho(e)      beta     rho(beta)          bigp      t1(beta)
  0.00000    0.0000E+00    0.0000    0.0000E+00    3.6603E+00    2.2604E+00
  0.00127    4.0052E-01    0.0518    9.8071E-03    3.6599E+00    2.3194E+00
  0.00253    1.1195E+00    0.1035    2.7411E-02    2.5565E+00    1.6626E+00
  0.00380    1.6986E+00    0.1553    4.1592E-02    1.7231E+00    1.1500E+00
  0.00506    2.0101E+00    0.2070    4.9220E-02    1.1461E+00    7.8495E-01
  0.00632    2.0729E+00    0.2588    5.0757E-02    7.5565E-01    5.3111E-01
  0.00759    1.8989E+00    0.3106    4.6495E-02    4.8011E-01    3.4629E-01
  0.00886    1.5806E+00    0.3623    3.8702E-02    2.9318E-01    2.1701E-01
  0.01012    1.3225E+00    0.4141    3.2382E-02    1.8750E-01    1.4243E-01
  0.01139    1.2069E+00    0.4659    2.9552E-02    1.3495E-01    1.0519E-01
  0.01265    1.1713E+00    0.5176    2.8681E-02    1.0586E-01    8.4684E-02
  0.01392    1.1940E+00    0.5694    2.9236E-02    8.8973E-02    7.3040E-02
  0.01518    1.2529E+00    0.6211    3.0678E-02    7.8250E-02    6.5922E-02
  0.01645    1.3087E+00    0.6729    3.2045E-02    6.9453E-02    6.0044E-02
  0.01771    1.3727E+00    0.7247    3.3611E-02    6.2625E-02    5.5561E-02
  0.01898    1.4584E+00    0.7764    3.5710E-02    5.7774E-02    5.2601E-02
  0.02024    1.5447E+00    0.8282    3.7824E-02    5.3600E-02    5.0080E-02
  0.02150    1.6329E+00    0.8800    3.9983E-02    5.0007E-02    4.7948E-02
  0.02277    1.7375E+00    0.9317    4.2543E-02    4.7278E-02    4.6521E-02
  0.02404    1.8395E+00    0.9835    4.5043E-02    4.4744E-02    4.5181E-02
  0.02530    1.9260E+00    1.0352    4.7160E-02    4.2099E-02    4.3625E-02
  0.02656    2.0275E+00    1.0870    4.9646E-02    4.0018E-02    4.2555E-02
  0.02783    2.1419E+00    1.1388    5.2446E-02    3.8338E-02    4.1838E-02
  0.02910    2.2325E+00    1.1905    5.4665E-02    3.6381E-02    4.0743E-02
  0.03036    2.2889E+00    1.2423    5.6045E-02    3.4082E-02    3.9169E-02
  0.03163    2.3400E+00    1.2941    5.7297E-02    3.1940E-02    3.7671E-02
  0.03289    2.3818E+00    1.3458    5.8319E-02    2.9892E-02    3.6179E-02
  0.03416    2.3834E+00    1.3976    5.8360E-02    2.7579E-02    3.4255E-02
  0.03542    2.3430E+00    1.4493    5.7371E-02    2.5060E-02    3.1942E-02
  0.03668    2.3094E+00    1.5011    5.6547E-02    2.2885E-02    2.9935E-02
  0.03795    2.3153E+00    1.5529    5.6692E-02    2.1304E-02    2.8597E-02
  0.03922    2.3633E+00    1.6046    5.7867E-02    2.0233E-02    2.7871E-02
  0.04048    2.4568E+00    1.6564    6.0157E-02    1.9607E-02    2.7717E-02
  0.04174    2.6082E+00    1.7081    6.3864E-02    1.9437E-02    2.8198E-02
  0.04301    2.8034E+00    1.7599    6.8642E-02    1.9541E-02    2.9092E-02
  0.04428    3.0236E+00    1.8117    7.4036E-02    1.9744E-02    3.0165E-02
  0.04554    3.2876E+00    1.8634    8.0500E-02    2.0140E-02    3.1576E-02
  0.04680    3.5963E+00    1.9152    8.8058E-02    2.0696E-02    3.3299E-02
  0.04807    3.9173E+00    1.9670    9.5918E-02    2.1205E-02    3.5011E-02
  0.04934    4.2680E+00    2.0187    1.0451E-01    2.1757E-02    3.6866E-02
  0.05060    4.6803E+00    2.0705    1.1460E-01    2.2494E-02    3.9114E-02
  0.05187    5.1090E+00    2.1222    1.2510E-01    2.3175E-02    4.1354E-02
  0.05313    5.5099E+00    2.1740    1.3491E-01    2.3613E-02    4.3241E-02
  0.05440    5.9355E+00    2.2258    1.4534E-01    2.4055E-02    4.5205E-02
  0.05566    6.3968E+00    2.2775    1.5663E-01    2.4538E-02    4.7322E-02
  0.05692    6.8274E+00    2.3293    1.6717E-01    2.4810E-02    4.9102E-02
  0.05819    7.2186E+00    2.3811    1.7675E-01    2.4871E-02    5.0511E-02
  0.05946    7.6148E+00    2.4328    1.8645E-01    2.4894E-02    5.1884E-02
  0.06072    7.9636E+00    2.4846    1.9500E-01    2.4720E-02    5.2873E-02
  0.06198    8.2123E+00    2.5363    2.0109E-01    2.4223E-02    5.3168E-02
  0.06325    8.4073E+00    2.5881    2.0586E-01    2.3579E-02    5.3111E-02
  0.06452    8.5654E+00    2.6399    2.0973E-01    2.2856E-02    5.2832E-02
  0.06578    8.6117E+00    2.6916    2.1086E-01    2.1877E-02    5.1895E-02
  0.06704    8.5513E+00    2.7434    2.0939E-01    2.0693E-02    5.0374E-02
  0.06831    8.4916E+00    2.7952    2.0792E-01    1.9585E-02    4.8927E-02
  0.06958    8.4564E+00    2.8469    2.0706E-01    1.8599E-02    4.7681E-02
  0.07084    8.3823E+00    2.8987    2.0525E-01    1.7589E-02    4.6276E-02
  0.07211    8.2523E+00    2.9504    2.0206E-01    1.6529E-02    4.4627E-02
  0.07337    8.0828E+00    3.0022    1.9791E-01    1.5461E-02    4.2838E-02
  0.07464    7.8922E+00    3.0540    1.9325E-01    1.4424E-02    4.1011E-02
  0.07590    7.7091E+00    3.1057    1.8876E-01    1.3467E-02    3.9293E-02
  0.07716    7.5527E+00    3.1575    1.8493E-01    1.2616E-02    3.7776E-02
  0.07843    7.3859E+00    3.2092    1.8085E-01    1.1802E-02    3.6265E-02
  0.07970    7.1883E+00    3.2610    1.7601E-01    1.0991E-02    3.4660E-02
  0.08096    6.9970E+00    3.3128    1.7133E-01    1.0242E-02    3.3144E-02
  0.08223    6.8343E+00    3.3645    1.6734E-01    9.5800E-03    3.1815E-02
  0.08349    6.6587E+00    3.4163    1.6304E-01    8.9415E-03    3.0473E-02
  0.08476    6.4527E+00    3.4681    1.5800E-01    8.3032E-03    2.9039E-02
  0.08602    6.2514E+00    3.5198    1.5307E-01    7.7109E-03    2.7675E-02
  0.08729    6.0789E+00    3.5716    1.4885E-01    7.1896E-03    2.6481E-02
  0.08855    5.9066E+00    3.6233    1.4463E-01    6.7003E-03    2.5325E-02
  0.08982    5.7210E+00    3.6751    1.4008E-01    6.2263E-03    2.4151E-02
  0.09108    5.5453E+00    3.7269    1.3578E-01    5.7916E-03    2.3054E-02
  0.09234    5.3829E+00    3.7786    1.3180E-01    5.3966E-03    2.2044E-02
  0.09361    5.1999E+00    3.8304    1.2732E-01    5.0054E-03    2.0982E-02
  0.09488    4.9984E+00    3.8822    1.2239E-01    4.6208E-03    1.9878E-02
  0.09614    4.8093E+00    3.9339    1.1776E-01    4.2709E-03    1.8855E-02
  0.09741    4.6373E+00    3.9857    1.1355E-01    3.9568E-03    1.7926E-02
  0.09867    4.4607E+00    4.0374    1.0922E-01    3.6578E-03    1.7006E-02
  0.09994    4.2852E+00    4.0892    1.0493E-01    3.3778E-03    1.6116E-02
  0.10120    4.1200E+00    4.1410    1.0088E-01    3.1223E-03    1.5287E-02
  0.10247    3.9575E+00    4.1927    9.6902E-02    2.8841E-03    1.4491E-02
  0.10373    3.8027E+00    4.2445    9.3113E-02    2.6655E-03    1.3744E-02
  0.10499    3.6670E+00    4.2962    8.9790E-02    2.4727E-03    1.3085E-02
  0.10626    3.5377E+00    4.3480    8.6623E-02    2.2953E-03    1.2464E-02
  0.10753    3.3928E+00    4.3998    8.3076E-02    2.1184E-03    1.1805E-02
  0.10879    3.2378E+00    4.4515    7.9281E-02    1.9459E-03    1.1128E-02
  0.11006    3.0836E+00    4.5033    7.5505E-02    1.7840E-03    1.0470E-02
  0.11132    2.9385E+00    4.5551    7.1951E-02    1.6369E-03    9.8582E-03
  0.11259    2.7944E+00    4.6068    6.8423E-02    1.4990E-03    9.2644E-03
  0.11385    2.6183E+00    4.6586    6.4112E-02    1.3528E-03    8.5800E-03
  0.11511    2.3987E+00    4.7103    5.8734E-02    1.1938E-03    7.7700E-03
  0.11638    2.1747E+00    4.7621    5.3250E-02    1.0427E-03    6.9649E-03
  0.11765    1.9730E+00    4.8139    4.8311E-02    9.1153E-04    6.2481E-03
  0.11891    1.7675E+00    4.8656    4.3280E-02    7.8695E-04    5.5356E-03
  0.12018    1.5591E+00    4.9174    3.8177E-02    6.6904E-04    4.8297E-03
  0.12144    1.3881E+00    4.9692    3.3989E-02    5.7418E-04    4.2535E-03
  0.12271    1.2454E+00    5.0209    3.0495E-02    4.9664E-04    3.7756E-03
  0.12397    1.1069E+00    5.0727    2.7103E-02    4.2559E-04    3.3203E-03
  0.12523    9.8997E-01    5.1244    2.4240E-02    3.6705E-04    2.9386E-03
  0.12650    9.1343E-01    5.1762    2.2366E-02    3.2662E-04    2.6835E-03
  0.12777    8.4209E-01    5.2280    2.0619E-02    2.9043E-04    2.4487E-03
  0.12903    7.6983E-01    5.2797    1.8850E-02    2.5612E-04    2.2160E-03
  0.13030    7.1703E-01    5.3315    1.7557E-02    2.3014E-04    2.0435E-03
  0.13156    6.7873E-01    5.3833    1.6619E-02    2.1019E-04    1.9153E-03
  0.13282    6.3793E-01    5.4350    1.5620E-02    1.9063E-04    1.7826E-03
  0.13409    6.0569E-01    5.4868    1.4831E-02    1.7467E-04    1.6762E-03
  0.13536    5.8563E-01    5.5385    1.4340E-02    1.6299E-04    1.6051E-03
  0.13662    5.6188E-01    5.5903    1.3758E-02    1.5095E-04    1.5255E-03
  0.13789    5.3772E-01    5.6421    1.3167E-02    1.3945E-04    1.4462E-03
  0.13915    5.2228E-01    5.6938    1.2788E-02    1.3076E-04    1.3917E-03
  0.14042    5.0899E-01    5.7456    1.2463E-02    1.2304E-04    1.3438E-03
  0.14168    4.9436E-01    5.7973    1.2105E-02    1.1539E-04    1.2933E-03
  0.14295    4.8383E-01    5.8491    1.1847E-02    1.0906E-04    1.2544E-03
  0.14421    4.7325E-01    5.9009    1.1588E-02    1.0302E-04    1.2160E-03
  0.14547    4.5886E-01    5.9526    1.1236E-02    9.6476E-05    1.1686E-03
  0.14674    4.4851E-01    6.0044    1.0982E-02    9.1086E-05    1.1323E-03
  0.14801    4.4179E-01    6.0562    1.0818E-02    8.6672E-05    1.1057E-03
  0.14927    4.3315E-01    6.1079    1.0606E-02    8.2093E-05    1.0747E-03