Beta	ln(P(Beta))	ln(T1(Beta))
0	0	-inf
4.84621e-06	64821.1	10.3119
6.46159e-06	48616.1	10.0242
8.61539e-06	36462.3	9.73655
1.14872e-05	27346.8	9.44887
1.53162e-05	20510.1	9.16119
2.04213e-05	15382.8	8.87352
2.72294e-05	11536.7	8.5858
3.63056e-05	8652.59	8.29812
4.84071e-05	6489.49	8.01044
6.45425e-05	4867.14	7.72275
8.60573e-05	3650.33	7.43505
0.000114746	2737.67	7.14733
0.000152989	2053.34	6.85967
0.000203991	1539.95	6.57193
0.000271985	1154.98	6.28422
0.00036264	866.25	5.99652
0.00048352	649.688	5.70877
0.0006447	487.261	5.421
0.000859597	365.447	5.13321
0.00114611	274.09	4.84541
0.00152815	205.567	4.55753
0.00203759	154.171	4.26956
0.00271676	115.629	3.98155
0.00362235	86.722	3.69342
0.00482979	65.0415	3.40513
0.00965959	32.5206	2.70957
0.0144894	21.6803	2.30168
0.0193192	16.2601	2.01158
0.024149	13.008	1.78601
0.0289788	10.8399	1.60126
0.0386383	8.12968	1.30873
0.0482979	6.50352	1.08072
0.0579575	5.87993	0.975089
0.0676171	5.51084	0.905431
0.0772767	5.13088	0.829161
0.0965959	4.45036	0.677209
0.120745	3.65163	0.467325
0.144894	3.05723	0.277587
0.169043	2.52791	0.0753941
0.193192	2.09256	-0.125684
0.217341	1.73494	-0.325176
0.24149	1.42499	-0.534055
0.289788	0.948463	-0.965283
0.338086	0.611442	-1.42845
0.386383	0.394751	-1.89017
0.434681	0.272131	-2.28629
0.482979	0.205994	-2.58888
0.531277	0.167365	-2.8207
0.579575	0.143689	-2.99737
0.627873	0.127666	-3.13975
0.676171	0.114376	-3.27383
0.724469	0.103873	-3.39429
0.772767	0.0963209	-3.49393
0.821065	0.089767	-3.58855
0.869363	0.0840705	-3.67826
0.917661	0.0795729	-3.75739
0.965959	0.0755627	-3.83325
1.01426	0.0715211	-3.91237
1.06255	0.0679419	-3.98786
1.11085	0.065043	-4.05561
1.15915	0.0622519	-4.12362
1.20745	0.0590286	-4.20093
1.25575	0.0555486	-4.28585
1.30404	0.052274	-4.37075
1.35234	0.0490529	-4.4585
1.40064	0.0454652	-4.55861
1.44894	0.0415809	-4.67206
1.49724	0.0381997	-4.78102
1.54553	0.035678	-4.87346
1.59383	0.0339049	-4.94859
1.64213	0.03279	-5.00617
1.69043	0.0323299	-5.04445
1.73873	0.0323428	-5.0682
1.78702	0.0325925	-5.08466
1.83532	0.0330575	-5.09464
1.88362	0.0337763	-5.09728
1.93192	0.0346079	-5.09711
1.98022	0.0354112	-5.09831
2.02851	0.0363229	-5.09704
2.07681	0.0374458	-5.09074
2.12511	0.0384691	-5.08793
2.17341	0.0391433	-5.09471
2.2217	0.039832	-5.10141
2.27	0.0405787	-5.10699
2.3183	0.0410515	-5.11955
2.3666	0.0412178	-5.13966
2.4149	0.041271	-5.16252
2.46319	0.0411119	-5.19053
2.51149	0.0405575	-5.22826
2.55979	0.0396745	-5.27442
2.62036	0.0383418	-5.33887
2.67571	0.036762	-5.40862
2.73366	0.0346691	-5.49622
2.80128	0.0322735	-5.60162
2.85924	0.0304293	-5.68945
2.92685	0.0281926	-5.7996
3.00413	0.0255689	-5.93592
3.07175	0.0233576	-6.06019
3.14903	0.0211415	-6.19851
3.2263	0.0191149	-6.33791
3.31324	0.0169713	-6.50033
3.40017	0.0151477	-6.65747
3.48711	0.013398	-6.82368
3.58371	0.0117259	-7.00528
3.6803	0.0102489	-7.18821
3.78656	0.00884561	-7.38859
3.89281	0.00753895	-7.60156
3.99907	0.00642929	-7.8139
4.11498	0.00538617	-8.04889
4.24056	0.00444621	-8.30346
4.36613	0.00370096	-8.54971
4.49171	0.00301663	-8.81695
4.6366	0.00234403	-9.14166
4.77184	0.00168691	-9.53825
4.92639	0.00108122	-10.0603
5.08094	0.000689727	-10.5872
5.24081	0.000467089	-11.0569
5.40937	0.000331893	-11.4829
5.50596	0.000282306	-11.693
5.76677	0.000198732	-12.1744
5.95997	0.000158666	-12.4962
6.15316	0	-inf
6.36567	0	-inf
6.57818	0	-inf
6.80035	0	-inf
7.04184	0	-inf
7.28333	0	-inf
7.54414	0	-inf
7.63107	0	-inf
7.72767	0	-inf
7.82697	0	-inf
7.92086	0	-inf
7.99814	8.64835e-06	-16.4247
8.08507	4.56552e-05	-14.8044
8.37486	0.000142417	-13.8117
8.67431	3.68502e-05	-15.3133
8.98342	0	-inf
9.31184	0	-inf
9.65959	0	-inf
10.046	0	-inf
10.4468	8.19038e-312	-722.294
10.7801	2.23831e-281	-652.378
11.1761	2.78177e-247	-574.071
11.5915	6.00723e-214	-497.523
12.0358	4.92131e-181	-421.96
12.5381	3.01758e-147	-344.412
13.0675	1.44543e-115	-271.73
13.4655	2.11085e-94	-223.196
13.9871	4.12288e-70	-167.525
14.5184	2.15546e-49	-120.085
15.0883	1.11157e-31	-79.586
15.6543	1.03399e-18	-50.0077
15.8446	2.18431e-15	-42.4473
16.2281	2.86621e-10	-30.8544
16.4213	1.71601e-08	-26.8588
16.9043	2.13396e-06	-22.2771
17.5804	4.223e-09	-28.8404
18.2759	9.65651e-19	-51.3869
18.7396	4.92961e-29	-75.317
19.2709	1.25546e-44	-111.489
19.9953	1.95966e-72	-175.879
20.8937	2.13065e-117	-279.86
21.3477	1.54824e-144	-342.576
21.8886	9.64107e-181	-426.214
22.7	6.09088e-243	-569.839
23.4805	1.04682e-311	-728.566
23.6718	0	-inf
23.9558	0	-inf
25.3081	0	-inf
26.1002	0	-inf
26.5639	0	-inf
27.0951	0	-inf
27.9162	0	-inf
28.718	0	-inf
29.172	0	-inf
29.7129	0	-inf
30.4277	0	-inf
31.3067	0	-inf
31.4989	0	-inf
31.6892	0	-inf
31.78	0	-inf
32.8426	0	-inf
34.0983	0	-inf
34.9194	0	-inf
35.3541	0	-inf
35.9143	0	-inf
36.6098	0	-inf
37.4792	0	-inf
38.5321	0	-inf
38.8315	0	-inf
39.1339	0	-inf
39.5164	0	-inf
39.6043	0	-inf
40.1259	0	-inf
40.5703	0	-inf
41.7294	0	-inf
42.6954	0	-inf
43.7386	0	-inf
44.4341	0	-inf
45.4001	0	-inf
46.3564	0	-inf
46.6558	0	-inf
46.9601	0	-inf
47.5339	0	-inf
47.9116	0	-inf
48.9451	0	-inf
49.4571	0	-inf
50.7128	0	-inf
51.5629	0	-inf
52.0652	0	-inf
52.5578	0	-inf
53.3209	0	-inf
54.0937	0	-inf
54.7892	0	-inf
55.1756	0	-inf
56.412	0	-inf
57.7643	0	-inf
59.1167	0	-inf
60.3821	0	-inf
61.6282	0	-inf
63.0095	0	-inf
64.2363	0	-inf
65.5886	0	-inf
66.0716	0	-inf
66.5835	0	-inf
67.4239	0	-inf
68.2063	0	-inf
68.6797	0	-inf
69.2013	0	-inf
69.7422	0	-inf
70.4377	0	-inf
70.8376	0	-inf
71.4809	0	-inf
72.2537	0	-inf
73.0265	0	-inf
73.7992	0	-inf
74.572	0	-inf
75.3448	0	-inf
76.2141	0	-inf
77.0835	0	-inf
77.9529	0	-inf
78.8222	0	-inf
79.6916	0	-inf
80.561	0	-inf
81.4303	0	-inf
82.2997	0	-inf
83.169	0	-inf
84.0384	0	-inf
85.0044	0	-inf
85.9703	0	-inf
86.9363	0	-inf
87.9022	0	-inf
88.8682	0	-inf
89.8342	0	-inf
90.8001	0	-inf
91.7661	0	-inf
92.732	0	-inf
93.698	0	-inf
94.664	0	-inf
95.6299	0	-inf
96.5959	0	-inf
97.755	0	-inf
98.9142	0	-inf
100.073	0	-inf
101.232	0	-inf
102.392	0	-inf
103.551	0	-inf
104.71	0	-inf
105.869	0	-inf
107.028	0	-inf
108.187	0	-inf
109.636	0	-inf
111.085	0	-inf
112.534	0	-inf
113.983	0	-inf
115.432	0	-inf
116.881	0	-inf
118.33	0	-inf
119.779	0	-inf
121.228	0	-inf
122.677	0	-inf
124.126	0	-inf
125.575	0	-inf
127.507	0	-inf
129.438	0	-inf
131.37	0	-inf
133.302	0	-inf
135.234	0	-inf
137.166	0	-inf
139.098	0	-inf
141.03	0	-inf
142.962	0	-inf
144.894	0	-inf
146.826	0	-inf
148.758	0	-inf
150.69	0	-inf
152.718	0	-inf
160.349	0	-inf
168.376	0	-inf
176.79	0	-inf
185.628	0	-inf
194.911	0	-inf
204.658	0	-inf
214.887	0	-inf
225.638	0	-inf
236.911	0	-inf
248.763	0	-inf
261.195	0	-inf
274.255	0	-inf
287.972	0	-inf
302.374	0	-inf
317.491	0	-inf
333.362	0	-inf
350.034	0	-inf
367.538	0	-inf
381.805	0	-inf
